k=0.5
data for topkpool:
0.4516128897666931, 0.5161290168762207, 0.6129032373428345, 0.5483871102333069, 0.5483871102333069, 0.4838709533214569, 0.4838709533214569, 0.4838709533214569, 0.4838709533214569, 0.4838709533214569, 0.5483871102333069, 0.5483871102333069, 0.4516128897666931, 0.3870967626571655, 0.5161290168762207, 0.5161290168762207, 0.6774193644523621, 0.3870967626571655, 0.5483871102333069, 0.5483871102333069, 0.3870967626571655, 0.5161290168762207, 0.4193548262119293, 0.4516128897666931, 0.4516128897666931, 0.5806451439857483, 0.5806451439857483, 0.35483869910240173, 0.5806451439857483, 0.4193548262119293, 0.8064516186714172, 0.35483869910240173, 0.5806451439857483, 0.4838709533214569, 0.4516128897666931, 0.5483871102333069, 0.4193548262119293, 0.5806451439857483, 0.5483871102333069, 0.4193548262119293, 0.5161290168762207, 0.5161290168762207, 0.5806451439857483, 0.4516128897666931, 0.6774193644523621, 0.6451612710952759, 0.5161290168762207, 0.35483869910240173, 0.4838709533214569, 0.5161290168762207, 0.3870967626571655, 0.5483871102333069, 0.4838709533214569, 0.4193548262119293, 0.5161290168762207, 0.5161290168762207, 0.6129032373428345, 0.5483871102333069, 0.3870967626571655, 0.4838709533214569, 0.5483871102333069, 0.5161290168762207, 0.5161290168762207, 0.29032257199287415, 0.5161290168762207, 0.5806451439857483, 0.4838709533214569, 0.5161290168762207, 0.5806451439857483, 0.7096773982048035, 0.5161290168762207, 0.5161290168762207, 0.7419354915618896, 0.4838709533214569, 0.4838709533214569, 0.7419354915618896, 0.5161290168762207, 0.4516128897666931, 0.5483871102333069, 0.5806451439857483, 
mean: 0.5145161207765341, stdev: 0.09151347399235601, average epochs run 68.8
data for sagpool:
0.4516128897666931, 0.4193548262119293, 0.4193548262119293, 0.5483871102333069, 0.5161290168762207, 0.4193548262119293, 0.5161290168762207, 0.6774193644523621, 0.4516128897666931, 0.4838709533214569, 0.4516128897666931, 0.4516128897666931, 0.6451612710952759, 0.5483871102333069, 0.4838709533214569, 0.5806451439857483, 0.35483869910240173, 0.5806451439857483, 0.4516128897666931, 0.4193548262119293, 0.5161290168762207, 0.4193548262119293, 0.6774193644523621, 0.6129032373428345, 0.4838709533214569, 0.5161290168762207, 0.4516128897666931, 0.5806451439857483, 0.5806451439857483, 0.4516128897666931, 0.6451612710952759, 0.4838709533214569, 0.5483871102333069, 0.4838709533214569, 0.4193548262119293, 0.4193548262119293, 0.5806451439857483, 0.5806451439857483, 0.5161290168762207, 0.4838709533214569, 0.5161290168762207, 0.35483869910240173, 0.5483871102333069, 0.5161290168762207, 0.6774193644523621, 0.5161290168762207, 0.5483871102333069, 0.5483871102333069, 0.32258063554763794, 0.4193548262119293, 0.5806451439857483, 0.5161290168762207, 0.4193548262119293, 0.6451612710952759, 0.6129032373428345, 0.4838709533214569, 0.4516128897666931, 0.5161290168762207, 0.6774193644523621, 0.5161290168762207, 0.5483871102333069, 0.6129032373428345, 0.5483871102333069, 0.4838709533214569, 0.5161290168762207, 0.4193548262119293, 0.5483871102333069, 0.5483871102333069, 0.4838709533214569, 0.4516128897666931, 0.4516128897666931, 0.5161290168762207, 0.5483871102333069, 0.5806451439857483, 0.4516128897666931, 0.5806451439857483, 0.5806451439857483, 0.6129032373428345, 0.3870967626571655, 0.32258063554763794, 
mean: 0.5112903144210577, stdev: 0.08229829151693431, average epochs run 71.1875
data for smoothpool:
0.6129032373428345, 0.4516128897666931, 0.5483871102333069, 0.32258063554763794, 0.4193548262119293, 0.32258063554763794, 0.6451612710952759, 0.5483871102333069, 0.6774193644523621, 0.5161290168762207, 0.32258063554763794, 0.5161290168762207, 0.4193548262119293, 0.4838709533214569, 0.6451612710952759, 0.5806451439857483, 0.4516128897666931, 0.6129032373428345, 0.4193548262119293, 0.6129032373428345, 0.6451612710952759, 0.5806451439857483, 0.5806451439857483, 0.5806451439857483, 0.5161290168762207, 0.774193525314331, 0.5161290168762207, 0.5161290168762207, 0.6774193644523621, 0.4193548262119293, 0.6451612710952759, 0.3870967626571655, 0.4193548262119293, 0.4838709533214569, 0.4838709533214569, 0.5483871102333069, 0.3870967626571655, 0.6774193644523621, 0.3870967626571655, 0.6129032373428345, 0.4193548262119293, 0.6129032373428345, 0.3870967626571655, 0.4516128897666931, 0.3870967626571655, 0.4838709533214569, 0.6129032373428345, 0.6774193644523621, 0.6774193644523621, 0.5483871102333069, 0.6451612710952759, 0.4838709533214569, 0.4516128897666931, 0.5806451439857483, 0.5161290168762207, 0.774193525314331, 0.3870967626571655, 0.5483871102333069, 0.5161290168762207, 0.3870967626571655, 0.5806451439857483, 0.6451612710952759, 0.6129032373428345, 0.5483871102333069, 0.5161290168762207, 0.6774193644523621, 0.5483871102333069, 0.6451612710952759, 0.5161290168762207, 0.4516128897666931, 0.5483871102333069, 0.4838709533214569, 0.4838709533214569, 0.6129032373428345, 0.5161290168762207, 0.5806451439857483, 0.6451612710952759, 0.6774193644523621, 0.5806451439857483, 0.4838709533214569, 
mean: 0.5358870893716812, stdev: 0.1036096597483461, average epochs run 54.4375
data for diffpool:
0.4838709533214569, 0.7419354915618896, 0.6129032373428345, 0.5161290168762207, 0.6129032373428345, 0.5483871102333069, 0.7096773982048035, 0.774193525314331, 0.5806451439857483, 0.6451612710952759, 0.5806451439857483, 0.7419354915618896, 0.5806451439857483, 0.6129032373428345, 0.5161290168762207, 0.6451612710952759, 0.4516128897666931, 0.5806451439857483, 0.6129032373428345, 0.4838709533214569, 0.5161290168762207, 0.5806451439857483, 0.5483871102333069, 0.6129032373428345, 0.5161290168762207, 0.7096773982048035, 0.6451612710952759, 0.5806451439857483, 0.7096773982048035, 0.5806451439857483, 0.6774193644523621, 0.4516128897666931, 0.7096773982048035, 0.4838709533214569, 0.5806451439857483, 0.6774193644523621, 0.6129032373428345, 0.774193525314331, 0.4838709533214569, 0.4838709533214569, 0.6451612710952759, 0.6451612710952759, 0.7419354915618896, 0.6129032373428345, 0.6451612710952759, 0.4516128897666931, 0.5806451439857483, 0.5806451439857483, 0.4516128897666931, 0.6451612710952759, 0.5483871102333069, 0.4838709533214569, 0.5806451439857483, 0.5806451439857483, 0.5806451439857483, 0.5483871102333069, 0.4516128897666931, 0.5483871102333069, 0.6129032373428345, 0.4193548262119293, 0.4838709533214569, 0.5161290168762207, 0.7096773982048035, 0.5161290168762207, 0.5483871102333069, 0.6451612710952759, 0.5161290168762207, 0.5483871102333069, 0.5483871102333069, 0.6129032373428345, 0.5806451439857483, 0.3870967626571655, 0.4838709533214569, 0.6129032373428345, 0.5806451439857483, 0.4838709533214569, 0.5806451439857483, 0.4516128897666931, 0.6129032373428345, 0.4516128897666931, 
mean: 0.5774193465709686, stdev: 0.08719426620011127, average epochs run 60.1625
data for smoothpool(edge features):
0.5161290168762207, 0.5806451439857483, 0.5161290168762207, 0.5483871102333069, 0.6451612710952759, 0.4193548262119293, 0.6451612710952759, 0.5161290168762207, 0.5483871102333069, 0.35483869910240173, 0.5483871102333069, 0.6451612710952759, 0.5161290168762207, 0.5483871102333069, 0.5806451439857483, 0.6129032373428345, 0.5161290168762207, 0.4838709533214569, 0.32258063554763794, 0.7096773982048035, 0.5161290168762207, 0.5483871102333069, 0.7096773982048035, 0.6774193644523621, 0.5483871102333069, 0.4193548262119293, 0.6451612710952759, 0.6774193644523621, 0.4838709533214569, 0.5483871102333069, 0.4193548262119293, 0.7096773982048035, 0.5161290168762207, 0.6451612710952759, 0.6129032373428345, 0.5806451439857483, 0.32258063554763794, 0.5161290168762207, 0.5806451439857483, 0.5161290168762207, 0.5161290168762207, 0.4193548262119293, 0.4516128897666931, 0.5806451439857483, 0.4516128897666931, 0.5161290168762207, 0.4838709533214569, 0.4516128897666931, 0.4838709533214569, 0.5483871102333069, 0.5483871102333069, 0.6129032373428345, 0.5483871102333069, 0.5161290168762207, 0.5806451439857483, 0.6129032373428345, 0.6451612710952759, 0.4516128897666931, 0.3870967626571655, 0.4838709533214569, 0.5483871102333069, 0.6451612710952759, 0.6451612710952759, 0.6774193644523621, 0.5483871102333069, 0.5483871102333069, 0.5483871102333069, 0.4838709533214569, 0.4193548262119293, 0.5806451439857483, 0.5483871102333069, 0.5806451439857483, 0.6129032373428345, 0.5483871102333069, 0.4838709533214569, 0.4193548262119293, 0.35483869910240173, 0.5806451439857483, 0.4516128897666931, 0.4193548262119293, 
mean: 0.5362903155386448, stdev: 0.08925092105626968, average epochs run 56.05
k=0.7
data for smoothpool:
0.4516128897666931, 0.6451612710952759, 0.5806451439857483, 0.4838709533214569, 0.5806451439857483, 0.5161290168762207, 0.7419354915618896, 0.6129032373428345, 0.4516128897666931, 0.5806451439857483, 0.5806451439857483, 0.5161290168762207, 0.6129032373428345, 0.5161290168762207, 0.4838709533214569, 0.3870967626571655, 0.6774193644523621, 0.5483871102333069, 0.4193548262119293, 0.3870967626571655, 0.6129032373428345, 0.5806451439857483, 0.4838709533214569, 0.5806451439857483, 0.5806451439857483, 0.5806451439857483, 0.4838709533214569, 0.4193548262119293, 0.4838709533214569, 0.4193548262119293, 0.7096773982048035, 0.4193548262119293, 0.32258063554763794, 0.4838709533214569, 0.3870967626571655, 0.5483871102333069, 0.4838709533214569, 0.5806451439857483, 0.4838709533214569, 0.774193525314331, 0.5483871102333069, 0.5806451439857483, 0.5161290168762207, 0.35483869910240173, 0.5161290168762207, 0.5483871102333069, 0.5483871102333069, 0.5806451439857483, 0.6774193644523621, 0.5161290168762207, 0.5806451439857483, 0.6129032373428345, 0.6451612710952759, 0.4516128897666931, 0.6774193644523621, 0.4193548262119293, 0.5806451439857483, 0.5161290168762207, 0.3870967626571655, 0.5161290168762207, 0.6129032373428345, 0.5806451439857483, 0.7419354915618896, 0.5161290168762207, 0.5806451439857483, 0.6129032373428345, 0.3870967626571655, 0.5806451439857483, 0.4516128897666931, 0.5161290168762207, 0.5806451439857483, 0.3870967626571655, 0.4193548262119293, 0.6451612710952759, 0.5806451439857483, 0.5483871102333069, 0.3870967626571655, 0.5483871102333069, 0.6451612710952759, 0.5483871102333069, 
mean: 0.5354838620871305, stdev: 0.09555513927623968, average epochs run 57.05
data for sagpool:
0.4838709533214569, 0.6451612710952759, 0.6774193644523621, 0.5806451439857483, 0.3870967626571655, 0.6451612710952759, 0.5161290168762207, 0.5161290168762207, 0.4193548262119293, 0.5483871102333069, 0.3870967626571655, 0.5161290168762207, 0.5806451439857483, 0.4516128897666931, 0.4516128897666931, 0.5806451439857483, 0.4516128897666931, 0.5161290168762207, 0.3870967626571655, 0.5161290168762207, 0.4516128897666931, 0.5161290168762207, 0.32258063554763794, 0.5483871102333069, 0.3870967626571655, 0.5161290168762207, 0.4838709533214569, 0.5161290168762207, 0.6451612710952759, 0.5806451439857483, 0.4516128897666931, 0.4838709533214569, 0.5483871102333069, 0.5161290168762207, 0.6774193644523621, 0.5483871102333069, 0.5483871102333069, 0.4193548262119293, 0.4838709533214569, 0.5483871102333069, 0.4193548262119293, 0.29032257199287415, 0.5161290168762207, 0.5806451439857483, 0.3870967626571655, 0.5161290168762207, 0.5483871102333069, 0.7096773982048035, 0.5806451439857483, 0.6129032373428345, 0.5161290168762207, 0.3870967626571655, 0.5161290168762207, 0.5161290168762207, 0.4516128897666931, 0.5483871102333069, 0.5483871102333069, 0.4193548262119293, 0.3870967626571655, 0.5161290168762207, 0.5161290168762207, 0.4838709533214569, 0.5806451439857483, 0.6129032373428345, 0.5806451439857483, 0.5483871102333069, 0.5483871102333069, 0.5483871102333069, 0.5806451439857483, 0.4193548262119293, 0.6129032373428345, 0.4516128897666931, 0.4838709533214569, 0.5806451439857483, 0.4193548262119293, 0.4838709533214569, 0.32258063554763794, 0.6774193644523621, 0.3870967626571655, 0.25806450843811035, 
mean: 0.5064516045153141, stdev: 0.09129731577654032, average epochs run 65.7125
data for topkpool:
0.4516128897666931, 0.5806451439857483, 0.7419354915618896, 0.6129032373428345, 0.5483871102333069, 0.5161290168762207, 0.5161290168762207, 0.4838709533214569, 0.6774193644523621, 0.6451612710952759, 0.5806451439857483, 0.4516128897666931, 0.5161290168762207, 0.3870967626571655, 0.3870967626571655, 0.4838709533214569, 0.6774193644523621, 0.774193525314331, 0.5161290168762207, 0.4838709533214569, 0.6451612710952759, 0.3870967626571655, 0.5806451439857483, 0.3870967626571655, 0.6774193644523621, 0.5161290168762207, 0.4516128897666931, 0.4838709533214569, 0.5806451439857483, 0.7096773982048035, 0.4838709533214569, 0.5161290168762207, 0.4516128897666931, 0.5161290168762207, 0.4516128897666931, 0.4838709533214569, 0.32258063554763794, 0.4193548262119293, 0.35483869910240173, 0.6129032373428345, 0.5483871102333069, 0.7419354915618896, 0.5483871102333069, 0.4516128897666931, 0.5161290168762207, 0.5483871102333069, 0.5161290168762207, 0.35483869910240173, 0.4516128897666931, 0.6451612710952759, 0.4193548262119293, 0.4516128897666931, 0.5483871102333069, 0.5483871102333069, 0.5483871102333069, 0.6774193644523621, 0.4838709533214569, 0.4516128897666931, 0.35483869910240173, 0.35483869910240173, 0.5161290168762207, 0.4838709533214569, 0.4516128897666931, 0.4516128897666931, 0.6129032373428345, 0.3870967626571655, 0.4838709533214569, 0.5161290168762207, 0.5806451439857483, 0.5806451439857483, 0.3870967626571655, 0.4838709533214569, 0.29032257199287415, 0.3870967626571655, 0.4516128897666931, 0.6451612710952759, 0.6129032373428345, 0.3870967626571655, 0.4516128897666931, 0.5161290168762207, 
mean: 0.5112903136759996, stdev: 0.1039404654372192, average epochs run 74.25
data for diffpool:
0.6451612710952759, 0.6774193644523621, 0.3870967626571655, 0.7096773982048035, 0.5806451439857483, 0.5161290168762207, 0.5483871102333069, 0.5161290168762207, 0.7096773982048035, 0.4516128897666931, 0.6451612710952759, 0.4838709533214569, 0.5483871102333069, 0.7096773982048035, 0.4516128897666931, 0.4838709533214569, 0.4193548262119293, 0.7096773982048035, 0.35483869910240173, 0.5806451439857483, 0.5483871102333069, 0.4838709533214569, 0.6451612710952759, 0.5483871102333069, 0.5806451439857483, 0.4516128897666931, 0.25806450843811035, 0.6129032373428345, 0.3870967626571655, 0.7096773982048035, 0.6451612710952759, 0.5806451439857483, 0.5806451439857483, 0.7419354915618896, 0.6451612710952759, 0.7419354915618896, 0.5806451439857483, 0.4838709533214569, 0.4838709533214569, 0.5161290168762207, 0.5483871102333069, 0.6129032373428345, 0.6774193644523621, 0.3870967626571655, 0.6774193644523621, 0.6774193644523621, 0.5161290168762207, 0.5483871102333069, 0.5806451439857483, 0.5161290168762207, 0.6451612710952759, 0.6774193644523621, 0.6129032373428345, 0.5483871102333069, 0.4838709533214569, 0.4838709533214569, 0.6129032373428345, 0.5161290168762207, 0.5483871102333069, 0.4838709533214569, 0.6774193644523621, 0.6451612710952759, 0.4516128897666931, 0.6774193644523621, 0.6451612710952759, 0.4516128897666931, 0.5483871102333069, 0.5483871102333069, 0.5483871102333069, 0.6774193644523621, 0.7419354915618896, 0.5806451439857483, 0.4193548262119293, 0.5161290168762207, 0.6129032373428345, 0.5161290168762207, 0.6451612710952759, 0.5806451439857483, 0.5806451439857483, 0.6129032373428345, 
mean: 0.5673387032002211, stdev: 0.09988121997807066, average epochs run 68.175
data for smoothpool(edge features):
0.6451612710952759, 0.6451612710952759, 0.5161290168762207, 0.4193548262119293, 0.3870967626571655, 0.5806451439857483, 0.774193525314331, 0.35483869910240173, 0.4838709533214569, 0.6129032373428345, 0.6451612710952759, 0.6451612710952759, 0.4193548262119293, 0.5161290168762207, 0.4838709533214569, 0.6451612710952759, 0.4193548262119293, 0.5161290168762207, 0.3870967626571655, 0.4516128897666931, 0.5161290168762207, 0.774193525314331, 0.6129032373428345, 0.5161290168762207, 0.6774193644523621, 0.5483871102333069, 0.5483871102333069, 0.5161290168762207, 0.4516128897666931, 0.5483871102333069, 0.4838709533214569, 0.3870967626571655, 0.6774193644523621, 0.5161290168762207, 0.4516128897666931, 0.7096773982048035, 0.3870967626571655, 0.5806451439857483, 0.35483869910240173, 0.4838709533214569, 0.5161290168762207, 0.4516128897666931, 0.5806451439857483, 0.6451612710952759, 0.6129032373428345, 0.6451612710952759, 0.5483871102333069, 0.5483871102333069, 0.6129032373428345, 0.32258063554763794, 0.6774193644523621, 0.4838709533214569, 0.3870967626571655, 0.5161290168762207, 0.5483871102333069, 0.5161290168762207, 0.5806451439857483, 0.5483871102333069, 0.5483871102333069, 0.5161290168762207, 0.4838709533214569, 0.5806451439857483, 0.5806451439857483, 0.5806451439857483, 0.5161290168762207, 0.5483871102333069, 0.6774193644523621, 0.4516128897666931, 0.4516128897666931, 0.35483869910240173, 0.6774193644523621, 0.4193548262119293, 0.4838709533214569, 0.5161290168762207, 0.5483871102333069, 0.5483871102333069, 0.6774193644523621, 0.29032257199287415, 0.5161290168762207, 0.29032257199287415, 
mean: 0.5286290243268013, stdev: 0.10549938090354019, average epochs run 56.1625
k=0.3
data for topkpool:
0.5161290168762207, 0.5483871102333069, 0.5806451439857483, 0.5161290168762207, 0.3870967626571655, 0.3870967626571655, 0.4838709533214569, 0.5483871102333069, 0.6451612710952759, 0.5483871102333069, 0.5483871102333069, 0.5806451439857483, 0.5806451439857483, 0.4193548262119293, 0.6129032373428345, 0.5161290168762207, 0.6129032373428345, 0.6451612710952759, 0.4516128897666931, 0.4838709533214569, 0.5161290168762207, 0.6774193644523621, 0.5806451439857483, 0.5161290168762207, 0.4838709533214569, 0.4838709533214569, 0.5806451439857483, 0.3870967626571655, 0.5483871102333069, 0.6451612710952759, 0.7419354915618896, 0.7096773982048035, 0.3870967626571655, 0.3870967626571655, 0.35483869910240173, 0.35483869910240173, 0.3870967626571655, 0.4516128897666931, 0.774193525314331, 0.4838709533214569, 0.4193548262119293, 0.3870967626571655, 0.4516128897666931, 0.5161290168762207, 0.3870967626571655, 0.32258063554763794, 0.4838709533214569, 0.5161290168762207, 0.6451612710952759, 0.5483871102333069, 0.5161290168762207, 0.5806451439857483, 0.5806451439857483, 0.4193548262119293, 0.6129032373428345, 0.4516128897666931, 0.5806451439857483, 0.5161290168762207, 0.5483871102333069, 0.5483871102333069, 0.6774193644523621, 0.5161290168762207, 0.5483871102333069, 0.4516128897666931, 0.6129032373428345, 0.4516128897666931, 0.3870967626571655, 0.4193548262119293, 0.5483871102333069, 0.5161290168762207, 0.4193548262119293, 0.6129032373428345, 0.4516128897666931, 0.4516128897666931, 0.4838709533214569, 0.6129032373428345, 0.5483871102333069, 0.6129032373428345, 0.5483871102333069, 0.6129032373428345, 
mean: 0.5197580575942993, stdev: 0.09547153418584765, average epochs run 66.3875
data for sagpool:
0.4193548262119293, 0.5161290168762207, 0.5161290168762207, 0.5806451439857483, 0.6129032373428345, 0.6129032373428345, 0.3870967626571655, 0.3870967626571655, 0.4838709533214569, 0.6129032373428345, 0.3870967626571655, 0.4516128897666931, 0.6129032373428345, 0.5483871102333069, 0.3870967626571655, 0.5483871102333069, 0.5161290168762207, 0.4516128897666931, 0.4838709533214569, 0.4838709533214569, 0.4193548262119293, 0.4516128897666931, 0.5161290168762207, 0.4838709533214569, 0.5483871102333069, 0.32258063554763794, 0.5161290168762207, 0.5161290168762207, 0.4516128897666931, 0.4516128897666931, 0.6451612710952759, 0.6129032373428345, 0.7096773982048035, 0.6451612710952759, 0.4838709533214569, 0.4516128897666931, 0.5806451439857483, 0.6129032373428345, 0.4193548262119293, 0.5483871102333069, 0.5806451439857483, 0.6451612710952759, 0.6129032373428345, 0.4193548262119293, 0.4193548262119293, 0.7096773982048035, 0.5161290168762207, 0.5161290168762207, 0.4838709533214569, 0.4193548262119293, 0.4516128897666931, 0.5483871102333069, 0.5483871102333069, 0.4193548262119293, 0.5161290168762207, 0.5161290168762207, 0.5161290168762207, 0.3870967626571655, 0.4516128897666931, 0.9032257795333862, 0.4516128897666931, 0.5806451439857483, 0.4193548262119293, 0.4838709533214569, 0.4838709533214569, 0.7096773982048035, 0.5806451439857483, 0.5161290168762207, 0.6451612710952759, 0.6774193644523621, 0.4516128897666931, 0.4838709533214569, 0.25806450843811035, 0.7096773982048035, 0.6774193644523621, 0.6129032373428345, 0.4838709533214569, 0.4838709533214569, 0.6129032373428345, 0.5483871102333069, 
mean: 0.5229838620871305, stdev: 0.10325307967021988, average epochs run 69.6875
data for smoothpool:
0.5161290168762207, 0.6129032373428345, 0.4838709533214569, 0.6774193644523621, 0.4516128897666931, 0.5161290168762207, 0.4516128897666931, 0.19354838132858276, 0.6774193644523621, 0.5483871102333069, 0.35483869910240173, 0.7419354915618896, 0.4193548262119293, 0.6451612710952759, 0.6451612710952759, 0.4516128897666931, 0.6451612710952759, 0.6451612710952759, 0.7096773982048035, 0.4838709533214569, 0.6129032373428345, 0.4516128897666931, 0.5806451439857483, 0.4193548262119293, 0.5161290168762207, 0.4193548262119293, 0.4838709533214569, 0.4193548262119293, 0.5483871102333069, 0.6451612710952759, 0.3870967626571655, 0.6129032373428345, 0.6451612710952759, 0.5161290168762207, 0.4838709533214569, 0.6451612710952759, 0.5483871102333069, 0.5161290168762207, 0.5483871102333069, 0.5806451439857483, 0.4838709533214569, 0.6774193644523621, 0.4516128897666931, 0.5806451439857483, 0.4838709533214569, 0.4838709533214569, 0.5483871102333069, 0.6451612710952759, 0.6451612710952759, 0.4838709533214569, 0.4516128897666931, 0.4516128897666931, 0.5806451439857483, 0.6129032373428345, 0.4838709533214569, 0.32258063554763794, 0.4838709533214569, 0.4193548262119293, 0.7419354915618896, 0.32258063554763794, 0.6451612710952759, 0.5483871102333069, 0.5806451439857483, 0.4516128897666931, 0.5161290168762207, 0.5483871102333069, 0.6129032373428345, 0.4193548262119293, 0.3870967626571655, 0.5806451439857483, 0.5161290168762207, 0.5806451439857483, 0.6451612710952759, 0.5806451439857483, 0.5483871102333069, 0.5161290168762207, 0.5483871102333069, 0.4193548262119293, 0.5806451439857483, 0.4516128897666931, 
mean: 0.5310483783483505, stdev: 0.10238836589890084, average epochs run 56.575
data for diffpool:
0.7096773982048035, 0.5161290168762207, 0.4838709533214569, 0.3870967626571655, 0.5806451439857483, 0.5483871102333069, 0.6451612710952759, 0.6774193644523621, 0.5806451439857483, 0.6129032373428345, 0.6774193644523621, 0.6451612710952759, 0.6451612710952759, 0.5483871102333069, 0.5483871102333069, 0.6774193644523621, 0.4838709533214569, 0.5483871102333069, 0.4516128897666931, 0.6451612710952759, 0.6774193644523621, 0.5806451439857483, 0.6774193644523621, 0.6451612710952759, 0.5806451439857483, 0.5483871102333069, 0.5806451439857483, 0.7096773982048035, 0.6451612710952759, 0.6129032373428345, 0.6774193644523621, 0.5483871102333069, 0.6774193644523621, 0.5161290168762207, 0.4516128897666931, 0.6129032373428345, 0.7096773982048035, 0.5161290168762207, 0.4838709533214569, 0.6129032373428345, 0.4516128897666931, 0.6774193644523621, 0.7096773982048035, 0.5483871102333069, 0.4838709533214569, 0.6129032373428345, 0.5806451439857483, 0.5483871102333069, 0.6129032373428345, 0.6451612710952759, 0.4838709533214569, 0.5806451439857483, 0.6451612710952759, 0.6451612710952759, 0.5806451439857483, 0.5161290168762207, 0.4838709533214569, 0.5161290168762207, 0.32258063554763794, 0.6129032373428345, 0.5483871102333069, 0.774193525314331, 0.5483871102333069, 0.6129032373428345, 0.4838709533214569, 0.5483871102333069, 0.6129032373428345, 0.6451612710952759, 0.32258063554763794, 0.5806451439857483, 0.7096773982048035, 0.6451612710952759, 0.6774193644523621, 0.5483871102333069, 0.6129032373428345, 0.4516128897666931, 0.6451612710952759, 0.4516128897666931, 0.6451612710952759, 0.6451612710952759, 
mean: 0.5830645103007555, stdev: 0.08901447367088766, average epochs run 61.625
data for smoothpool(edge features):
0.4516128897666931, 0.5161290168762207, 0.4516128897666931, 0.4838709533214569, 0.4838709533214569, 0.6451612710952759, 0.4838709533214569, 0.5161290168762207, 0.6451612710952759, 0.5483871102333069, 0.5806451439857483, 0.35483869910240173, 0.5483871102333069, 0.6129032373428345, 0.5806451439857483, 0.5483871102333069, 0.5806451439857483, 0.4838709533214569, 0.6129032373428345, 0.32258063554763794, 0.6451612710952759, 0.5161290168762207, 0.4516128897666931, 0.5483871102333069, 0.3870967626571655, 0.5483871102333069, 0.6129032373428345, 0.4193548262119293, 0.6129032373428345, 0.5161290168762207, 0.6129032373428345, 0.5806451439857483, 0.4516128897666931, 0.5483871102333069, 0.5483871102333069, 0.4516128897666931, 0.6129032373428345, 0.6129032373428345, 0.32258063554763794, 0.7096773982048035, 0.4193548262119293, 0.6129032373428345, 0.5161290168762207, 0.6129032373428345, 0.6774193644523621, 0.5161290168762207, 0.4516128897666931, 0.6451612710952759, 0.774193525314331, 0.7419354915618896, 0.7096773982048035, 0.5161290168762207, 0.5483871102333069, 0.3870967626571655, 0.6129032373428345, 0.5161290168762207, 0.6774193644523621, 0.4838709533214569, 0.7096773982048035, 0.5806451439857483, 0.5483871102333069, 0.5806451439857483, 0.4838709533214569, 0.6451612710952759, 0.3870967626571655, 0.4516128897666931, 0.4193548262119293, 0.4838709533214569, 0.4516128897666931, 0.5161290168762207, 0.5806451439857483, 0.5483871102333069, 0.4516128897666931, 0.6451612710952759, 0.5161290168762207, 0.4838709533214569, 0.5483871102333069, 0.6451612710952759, 0.3870967626571655, 0.4516128897666931, 
mean: 0.5387096703052521, stdev: 0.09662435888562602, average epochs run 55.7375
