k=0.3
data for smoothpool:
0.6082949042320251, 0.6221198439598083, 0.6267281174659729, 0.6520737409591675, 0.6336405277252197, 0.6290322542190552, 0.6129032373428345, 0.6359447240829468, 0.6336405277252197, 0.617511510848999, 0.5944700241088867, 0.5760368704795837, 0.599078357219696, 0.6105991005897522, 0.6198156476020813, 0.6244239807128906, 0.5944700241088867, 0.6359447240829468, 0.617511510848999, 0.5967742204666138, 0.5875576138496399, 0.6152073740959167, 0.5875576138496399, 0.6105991005897522, 0.5691244006156921, 0.5714285969734192, 0.6290322542190552, 0.6658986210823059, 0.617511510848999, 0.5806451439857483, 0.617511510848999, 0.5875576138496399, 0.6036866307258606, 0.6129032373428345, 0.6428571343421936, 0.6221198439598083, 0.6036866307258606, 0.6013824939727783, 0.6244239807128906, 0.5898617506027222, 0.6359447240829468, 0.6705068945884705, 0.6129032373428345, 0.5875576138496399, 0.6244239807128906, 0.6221198439598083, 0.5944700241088867, 0.6105991005897522, 0.6221198439598083, 0.6152073740959167, 0.5806451439857483, 0.6013824939727783, 0.6658986210823059, 0.6036866307258606, 0.6059907674789429, 0.6059907674789429, 0.5714285969734192, 0.6059907674789429, 0.6082949042320251, 0.6221198439598083, 0.6129032373428345, 0.6082949042320251, 0.5806451439857483, 0.5875576138496399, 0.6198156476020813, 0.6336405277252197, 0.6105991005897522, 0.5622119903564453, 0.6336405277252197, 0.6221198439598083, 0.6059907674789429, 0.5668202638626099, 0.6267281174659729, 0.557603657245636, 0.599078357219696, 0.6336405277252197, 0.5921658873558044, 0.6152073740959167, 0.6359447240829468, 0.6221198439598083, 
mean: 0.610944701731205, stdev: 0.022959957955901774, average epochs run 89.0125
data for topkpool:
0.6221198439598083, 0.6105991005897522, 0.6059907674789429, 0.578341007232666, 0.6359447240829468, 0.5944700241088867, 0.6221198439598083, 0.6059907674789429, 0.6198156476020813, 0.638248860836029, 0.6221198439598083, 0.6244239807128906, 0.6290322542190552, 0.617511510848999, 0.578341007232666, 0.6428571343421936, 0.638248860836029, 0.599078357219696, 0.6497696042060852, 0.6198156476020813, 0.5829492807388306, 0.5414746403694153, 0.6152073740959167, 0.5921658873558044, 0.6267281174659729, 0.6267281174659729, 0.6082949042320251, 0.6105991005897522, 0.6336405277252197, 0.599078357219696, 0.5737327337265015, 0.6105991005897522, 0.6013824939727783, 0.5944700241088867, 0.6105991005897522, 0.6336405277252197, 0.6036866307258606, 0.5714285969734192, 0.6129032373428345, 0.599078357219696, 0.599078357219696, 0.617511510848999, 0.6129032373428345, 0.6059907674789429, 0.5944700241088867, 0.6543778777122498, 0.6198156476020813, 0.5760368704795837, 0.5760368704795837, 0.6036866307258606, 0.6105991005897522, 0.5645161271095276, 0.617511510848999, 0.5921658873558044, 0.6198156476020813, 0.6336405277252197, 0.6013824939727783, 0.599078357219696, 0.6267281174659729, 0.6059907674789429, 0.6244239807128906, 0.5760368704795837, 0.6221198439598083, 0.6198156476020813, 0.5898617506027222, 0.6359447240829468, 0.6244239807128906, 0.6082949042320251, 0.6059907674789429, 0.5875576138496399, 0.599078357219696, 0.6405529975891113, 0.6336405277252197, 0.6405529975891113, 0.5414746403694153, 0.5898617506027222, 0.6036866307258606, 0.6198156476020813, 0.6059907674789429, 0.6313363909721375, 
mean: 0.609187787771225, stdev: 0.02236207203901692, average epochs run 85.975
data for sagpool:
0.5967742204666138, 0.6082949042320251, 0.6013824939727783, 0.6451612710952759, 0.617511510848999, 0.599078357219696, 0.6105991005897522, 0.6290322542190552, 0.6451612710952759, 0.5760368704795837, 0.6313363909721375, 0.6267281174659729, 0.5668202638626099, 0.6152073740959167, 0.6612903475761414, 0.5668202638626099, 0.617511510848999, 0.6313363909721375, 0.6359447240829468, 0.5760368704795837, 0.6244239807128906, 0.6013824939727783, 0.6013824939727783, 0.6290322542190552, 0.6221198439598083, 0.6221198439598083, 0.6082949042320251, 0.6474654674530029, 0.6198156476020813, 0.617511510848999, 0.5829492807388306, 0.6152073740959167, 0.6082949042320251, 0.6267281174659729, 0.5852534770965576, 0.599078357219696, 0.6198156476020813, 0.5875576138496399, 0.6082949042320251, 0.5806451439857483, 0.5806451439857483, 0.599078357219696, 0.617511510848999, 0.6244239807128906, 0.6036866307258606, 0.6290322542190552, 0.5829492807388306, 0.6036866307258606, 0.5829492807388306, 0.6313363909721375, 0.6105991005897522, 0.6244239807128906, 0.5806451439857483, 0.5875576138496399, 0.5921658873558044, 0.599078357219696, 0.559907853603363, 0.557603657245636, 0.6313363909721375, 0.6497696042060852, 0.6428571343421936, 0.599078357219696, 0.6152073740959167, 0.6036866307258606, 0.6290322542190552, 0.5967742204666138, 0.6105991005897522, 0.6267281174659729, 0.6658986210823059, 0.6036866307258606, 0.5944700241088867, 0.6059907674789429, 0.6244239807128906, 0.6336405277252197, 0.6474654674530029, 0.6244239807128906, 0.6129032373428345, 0.6198156476020813, 0.6520737409591675, 0.5852534770965576, 
mean: 0.6113479264080525, stdev: 0.023281651251986064, average epochs run 87.0875
data for diffpool:
0.6152073740959167, 0.5829492807388306, 0.617511510848999, 0.6359447240829468, 0.5967742204666138, 0.6497696042060852, 0.5806451439857483, 0.638248860836029, 0.5852534770965576, 0.6152073740959167, 0.5921658873558044, 0.5115207433700562, 0.6013824939727783, 0.6152073740959167, 0.5967742204666138, 0.5944700241088867, 0.6198156476020813, 0.5760368704795837, 0.6198156476020813, 0.6129032373428345, 0.5944700241088867, 0.6359447240829468, 0.6152073740959167, 0.6082949042320251, 0.5115207433700562, 0.6105991005897522, 0.5714285969734192, 0.5552995204925537, 0.6497696042060852, 0.6152073740959167, 0.6244239807128906, 0.599078357219696, 0.638248860836029, 0.5898617506027222, 0.6059907674789429, 0.6036866307258606, 0.5645161271095276, 0.5714285969734192, 0.6198156476020813, 0.6059907674789429, 0.559907853603363, 0.6152073740959167, 0.5645161271095276, 0.5506912469863892, 0.5967742204666138, 0.617511510848999, 0.5529953837394714, 0.5691244006156921, 0.5622119903564453, 0.5898617506027222, 0.5622119903564453, 0.5829492807388306, 0.6059907674789429, 0.5714285969734192, 0.599078357219696, 0.6290322542190552, 0.6198156476020813, 0.5552995204925537, 0.5898617506027222, 0.6428571343421936, 0.6082949042320251, 0.557603657245636, 0.6244239807128906, 0.5645161271095276, 0.599078357219696, 0.5645161271095276, 0.5944700241088867, 0.6589861512184143, 0.5645161271095276, 0.6497696042060852, 0.5483871102333069, 0.6082949042320251, 0.6520737409591675, 0.5760368704795837, 0.638248860836029, 0.6036866307258606, 0.5852534770965576, 0.6290322542190552, 0.6221198439598083, 0.6036866307258606, 
mean: 0.5979838714003562, stdev: 0.03094157735187198, average epochs run 56.55