k=0.5
data for diffpool:
0.5714285969734192, 0.5535714030265808, 0.7232142686843872, 0.7410714030265808, 0.6071428656578064, 0.7053571343421936, 0.5982142686843872, 0.5178571343421936, 0.6964285969734192, 0.6785714030265808, 0.6071428656578064, 0.4375, 0.7321428656578064, 0.6160714030265808, 0.6517857313156128, 0.6964285969734192, 0.7232142686843872, 0.6517857313156128, 0.7321428656578064, 0.5625, 0.6071428656578064, 0.7857142686843872, 0.7053571343421936, 0.6785714030265808, 0.6696428656578064, 0.625, 0.7589285969734192, 0.6071428656578064, 0.5625, 0.5803571343421936, 0.6696428656578064, 0.5982142686843872, 0.7410714030265808, 0.6428571343421936, 0.7053571343421936, 0.6785714030265808, 0.6696428656578064, 0.7589285969734192, 0.4732142984867096, 0.7053571343421936, 0.6517857313156128, 0.6785714030265808, 0.7321428656578064, 0.6875, 0.7767857313156128, 0.7232142686843872, 0.7946428656578064, 0.7232142686843872, 0.7857142686843872, 0.7321428656578064, 0.5803571343421936, 0.4196428656578064, 0.75, 0.7857142686843872, 0.7767857313156128, 0.6875, 0.6696428656578064, 0.6875, 0.7410714030265808, 0.6964285969734192, 0.6339285969734192, 0.6517857313156128, 0.6964285969734192, 0.6428571343421936, 0.6428571343421936, 0.625, 0.7589285969734192, 0.7589285969734192, 0.5535714030265808, 0.5, 0.4107142984867096, 0.7857142686843872, 0.6071428656578064, 0.625, 0.6696428656578064, 0.5714285969734192, 0.75, 0.6428571343421936, 0.7767857313156128, 0.6785714030265808, 
mean: 0.6636160716414452, stdev: 0.08719031907688236, average epochs run 55.5125
data for sagpool:
0.6875, 0.7767857313156128, 0.6517857313156128, 0.7232142686843872, 0.6875, 0.7142857313156128, 0.75, 0.6964285969734192, 0.6875, 0.6517857313156128, 0.7767857313156128, 0.6785714030265808, 0.6607142686843872, 0.7232142686843872, 0.7321428656578064, 0.7142857313156128, 0.6785714030265808, 0.7678571343421936, 0.7678571343421936, 0.7321428656578064, 0.6875, 0.6785714030265808, 0.6517857313156128, 0.6785714030265808, 0.7232142686843872, 0.6964285969734192, 0.6785714030265808, 0.8125, 0.7767857313156128, 0.6517857313156128, 0.7678571343421936, 0.7410714030265808, 0.75, 0.7589285969734192, 0.6607142686843872, 0.6875, 0.7678571343421936, 0.7410714030265808, 0.7321428656578064, 0.7053571343421936, 0.7410714030265808, 0.75, 0.7142857313156128, 0.6696428656578064, 0.6785714030265808, 0.6607142686843872, 0.7053571343421936, 0.75, 0.7410714030265808, 0.7321428656578064, 0.7321428656578064, 0.6517857313156128, 0.6964285969734192, 0.6160714030265808, 0.7589285969734192, 0.7232142686843872, 0.75, 0.6696428656578064, 0.7232142686843872, 0.7142857313156128, 0.8214285969734192, 0.7142857313156128, 0.7321428656578064, 0.7678571343421936, 0.6517857313156128, 0.6696428656578064, 0.625, 0.7321428656578064, 0.7767857313156128, 0.7767857313156128, 0.7321428656578064, 0.7589285969734192, 0.7142857313156128, 0.6875, 0.7767857313156128, 0.7321428656578064, 0.6607142686843872, 0.7232142686843872, 0.7321428656578064, 0.6517857313156128, 
mean: 0.7152901798486709, stdev: 0.04403963785457523, average epochs run 77.525
data for topkpool:
0.6964285969734192, 0.7232142686843872, 0.6964285969734192, 0.7053571343421936, 0.6785714030265808, 0.6785714030265808, 0.6607142686843872, 0.6964285969734192, 0.6517857313156128, 0.6875, 0.7678571343421936, 0.7321428656578064, 0.7053571343421936, 0.7678571343421936, 0.7142857313156128, 0.7857142686843872, 0.7321428656578064, 0.6696428656578064, 0.6428571343421936, 0.6517857313156128, 0.6785714030265808, 0.7232142686843872, 0.6428571343421936, 0.7589285969734192, 0.8035714030265808, 0.7410714030265808, 0.7232142686843872, 0.7321428656578064, 0.6607142686843872, 0.7410714030265808, 0.7232142686843872, 0.75, 0.6696428656578064, 0.7589285969734192, 0.6875, 0.7142857313156128, 0.7767857313156128, 0.8125, 0.7232142686843872, 0.7767857313156128, 0.5982142686843872, 0.7410714030265808, 0.7053571343421936, 0.75, 0.75, 0.7589285969734192, 0.7232142686843872, 0.75, 0.6696428656578064, 0.6339285969734192, 0.6428571343421936, 0.6875, 0.6785714030265808, 0.7410714030265808, 0.7232142686843872, 0.6428571343421936, 0.7142857313156128, 0.6428571343421936, 0.7232142686843872, 0.7946428656578064, 0.7053571343421936, 0.7589285969734192, 0.7142857313156128, 0.7589285969734192, 0.7321428656578064, 0.7053571343421936, 0.6696428656578064, 0.7767857313156128, 0.7053571343421936, 0.7142857313156128, 0.6875, 0.75, 0.6875, 0.6339285969734192, 0.7053571343421936, 0.6607142686843872, 0.6696428656578064, 0.7678571343421936, 0.7232142686843872, 0.75, 
mean: 0.7123883917927742, stdev: 0.04502982812244135, average epochs run 78.9125
data for smoothpool:
0.6964285969734192, 0.7410714030265808, 0.7053571343421936, 0.6517857313156128, 0.7232142686843872, 0.7321428656578064, 0.6785714030265808, 0.7142857313156128, 0.7589285969734192, 0.7589285969734192, 0.7767857313156128, 0.75, 0.7767857313156128, 0.625, 0.7053571343421936, 0.6875, 0.75, 0.7589285969734192, 0.7946428656578064, 0.6875, 0.7410714030265808, 0.7321428656578064, 0.75, 0.7410714030265808, 0.7321428656578064, 0.6964285969734192, 0.6964285969734192, 0.7321428656578064, 0.6875, 0.6964285969734192, 0.6964285969734192, 0.8214285969734192, 0.7232142686843872, 0.7767857313156128, 0.7410714030265808, 0.7232142686843872, 0.7767857313156128, 0.7410714030265808, 0.6607142686843872, 0.7321428656578064, 0.7142857313156128, 0.7321428656578064, 0.7410714030265808, 0.7678571343421936, 0.6964285969734192, 0.7410714030265808, 0.7857142686843872, 0.6785714030265808, 0.6964285969734192, 0.7232142686843872, 0.6339285969734192, 0.7589285969734192, 0.7946428656578064, 0.7857142686843872, 0.6785714030265808, 0.7232142686843872, 0.6875, 0.7232142686843872, 0.7410714030265808, 0.7321428656578064, 0.7678571343421936, 0.7767857313156128, 0.7410714030265808, 0.7410714030265808, 0.6964285969734192, 0.7232142686843872, 0.7053571343421936, 0.6339285969734192, 0.7321428656578064, 0.7232142686843872, 0.7410714030265808, 0.7053571343421936, 0.7321428656578064, 0.7232142686843872, 0.7053571343421936, 0.7410714030265808, 0.6428571343421936, 0.6517857313156128, 0.7589285969734192, 0.75, 
mean: 0.725, stdev: 0.039660996733155464, average epochs run 74.975
k=0.7
data for diffpool:
0.6160714030265808, 0.7321428656578064, 0.6607142686843872, 0.8214285969734192, 0.75, 0.5803571343421936, 0.7142857313156128, 0.6517857313156128, 0.7410714030265808, 0.6785714030265808, 0.6875, 0.6964285969734192, 0.5535714030265808, 0.7410714030265808, 0.6964285969734192, 0.7767857313156128, 0.6160714030265808, 0.7053571343421936, 0.6517857313156128, 0.7767857313156128, 0.5892857313156128, 0.7589285969734192, 0.6071428656578064, 0.6517857313156128, 0.6517857313156128, 0.7321428656578064, 0.75, 0.7232142686843872, 0.7142857313156128, 0.7321428656578064, 0.8214285969734192, 0.625, 0.6071428656578064, 0.6785714030265808, 0.7053571343421936, 0.7232142686843872, 0.625, 0.7410714030265808, 0.7678571343421936, 0.7410714030265808, 0.625, 0.6071428656578064, 0.6517857313156128, 0.75, 0.7678571343421936, 0.6785714030265808, 0.7142857313156128, 0.6517857313156128, 0.5803571343421936, 0.7767857313156128, 0.6696428656578064, 0.7589285969734192, 0.6339285969734192, 0.5357142686843872, 0.7321428656578064, 0.4375, 0.6517857313156128, 0.5357142686843872, 0.6071428656578064, 0.5178571343421936, 0.6964285969734192, 0.6607142686843872, 0.7142857313156128, 0.6339285969734192, 0.6696428656578064, 0.6428571343421936, 0.5803571343421936, 0.5357142686843872, 0.6875, 0.5625, 0.6875, 0.6071428656578064, 0.7232142686843872, 0.7678571343421936, 0.5982142686843872, 0.6517857313156128, 0.5446428656578064, 0.7053571343421936, 0.5714285969734192, 0.7410714030265808, 
mean: 0.6707589298486709, stdev: 0.07657456548650615, average epochs run 52.9875
data for topkpool:
0.7321428656578064, 0.6696428656578064, 0.5625, 0.7589285969734192, 0.7142857313156128, 0.7678571343421936, 0.8125, 0.7321428656578064, 0.6517857313156128, 0.6964285969734192, 0.7410714030265808, 0.6875, 0.6428571343421936, 0.8125, 0.6696428656578064, 0.7767857313156128, 0.6964285969734192, 0.5803571343421936, 0.7142857313156128, 0.7321428656578064, 0.5982142686843872, 0.7767857313156128, 0.6964285969734192, 0.7053571343421936, 0.6785714030265808, 0.6875, 0.7589285969734192, 0.7767857313156128, 0.6428571343421936, 0.625, 0.7946428656578064, 0.6964285969734192, 0.6428571343421936, 0.6785714030265808, 0.6875, 0.7142857313156128, 0.7589285969734192, 0.6607142686843872, 0.7232142686843872, 0.6428571343421936, 0.7678571343421936, 0.7053571343421936, 0.6785714030265808, 0.7410714030265808, 0.7678571343421936, 0.75, 0.7053571343421936, 0.8482142686843872, 0.6160714030265808, 0.7142857313156128, 0.7142857313156128, 0.6696428656578064, 0.6964285969734192, 0.7678571343421936, 0.6875, 0.7142857313156128, 0.6339285969734192, 0.75, 0.7142857313156128, 0.7053571343421936, 0.6696428656578064, 0.7767857313156128, 0.625, 0.6964285969734192, 0.6696428656578064, 0.6696428656578064, 0.7321428656578064, 0.7053571343421936, 0.7678571343421936, 0.6607142686843872, 0.6339285969734192, 0.7053571343421936, 0.6785714030265808, 0.7142857313156128, 0.6607142686843872, 0.7410714030265808, 0.6785714030265808, 0.7232142686843872, 0.6785714030265808, 0.7589285969734192, 
mean: 0.7049107156693936, stdev: 0.054131716959950976, average epochs run 81.6125
data for sagpool:
0.7142857313156128, 0.7232142686843872, 0.6964285969734192, 0.75, 0.7589285969734192, 0.6696428656578064, 0.7232142686843872, 0.7589285969734192, 0.7321428656578064, 0.6785714030265808, 0.6964285969734192, 0.6696428656578064, 0.6607142686843872, 0.7678571343421936, 0.7767857313156128, 0.75, 0.7232142686843872, 0.6696428656578064, 0.7232142686843872, 0.7232142686843872, 0.6785714030265808, 0.6964285969734192, 0.7321428656578064, 0.7678571343421936, 0.7678571343421936, 0.7767857313156128, 0.6339285969734192, 0.6785714030265808, 0.7678571343421936, 0.8035714030265808, 0.6875, 0.6160714030265808, 0.7232142686843872, 0.75, 0.7232142686843872, 0.6607142686843872, 0.7410714030265808, 0.7232142686843872, 0.7589285969734192, 0.7321428656578064, 0.8035714030265808, 0.6517857313156128, 0.6964285969734192, 0.7053571343421936, 0.6964285969734192, 0.6875, 0.6785714030265808, 0.7857142686843872, 0.7142857313156128, 0.6607142686843872, 0.6875, 0.6607142686843872, 0.6875, 0.7142857313156128, 0.7321428656578064, 0.6785714030265808, 0.7232142686843872, 0.7767857313156128, 0.6875, 0.6607142686843872, 0.6875, 0.5446428656578064, 0.7410714030265808, 0.6875, 0.6607142686843872, 0.7410714030265808, 0.625, 0.6875, 0.6517857313156128, 0.6875, 0.6428571343421936, 0.6785714030265808, 0.6964285969734192, 0.7053571343421936, 0.7410714030265808, 0.625, 0.7053571343421936, 0.6964285969734192, 0.75, 0.7232142686843872, 
mean: 0.7069196403026581, stdev: 0.046313125381284986, average epochs run 80.4875
data for smoothpool:
0.7410714030265808, 0.6696428656578064, 0.7232142686843872, 0.6696428656578064, 0.7232142686843872, 0.6607142686843872, 0.6964285969734192, 0.7321428656578064, 0.7767857313156128, 0.6785714030265808, 0.6696428656578064, 0.7232142686843872, 0.7767857313156128, 0.6607142686843872, 0.7410714030265808, 0.75, 0.6071428656578064, 0.7232142686843872, 0.7321428656578064, 0.7410714030265808, 0.7678571343421936, 0.75, 0.7767857313156128, 0.7053571343421936, 0.6875, 0.7946428656578064, 0.6785714030265808, 0.7142857313156128, 0.8214285969734192, 0.7767857313156128, 0.6785714030265808, 0.7410714030265808, 0.7321428656578064, 0.75, 0.75, 0.6875, 0.7678571343421936, 0.7410714030265808, 0.7589285969734192, 0.6785714030265808, 0.7321428656578064, 0.7053571343421936, 0.7410714030265808, 0.75, 0.7857142686843872, 0.7589285969734192, 0.75, 0.7857142686843872, 0.7321428656578064, 0.7232142686843872, 0.6964285969734192, 0.7053571343421936, 0.7410714030265808, 0.7678571343421936, 0.8035714030265808, 0.7053571343421936, 0.75, 0.6517857313156128, 0.7142857313156128, 0.75, 0.8214285969734192, 0.75, 0.7232142686843872, 0.75, 0.7232142686843872, 0.7321428656578064, 0.6785714030265808, 0.7589285969734192, 0.7678571343421936, 0.75, 0.6964285969734192, 0.7142857313156128, 0.8125, 0.7767857313156128, 0.7232142686843872, 0.6964285969734192, 0.7410714030265808, 0.6875, 0.8035714030265808, 0.6517857313156128, 
mean: 0.730803569406271, stdev: 0.04266883466904271, average epochs run 78.125